4172
3356
4925
6230
2616
8824
4058
1267
8552
7382
570
9328
4777
9479
9311
5504
7273
9073
4680
3261
2920
1236
3498
1918
9228
9543
1326
432
303
6190
4729
2134
1836
7011
1990
1310
7932
7300
6509
7757
8679
6719
7956
1278
1749
263
3249
6473
5927
6026
1214
7670
8085
7061
3975
904
2431
3814
3865
1121
4526
6193
1775
4168
4913
7294
3193
935
5638
1714
2240
3780
1803
7069
2587
6039
8550
3340
5262
2275
1646
2583
9903
3802
5416
9485
4659
7412
2658
6575
1200
990
6861
436
4908
4900
6800
9436
307
7926
6420
5389
8221
2230
4157
8067
1838
7810
635
1521
1363
6640
2622
5895
6406
6725
9934
6615
3248
7351
7102
889
9369
9271
584
9473
6103
9628
3434
6142
2742
4634
6209
8620
9519
5414
1449
7820
6942
5929
531
8009
321
9406
7147
1638
7686
4100
4849
9766
7632
6468
5232
7453
8813
723
5393
8725
3435
7975
3339
9652
9990
8635
6713
7946
9710
805
6766
9517
1280
6915
841
6536
6335
3321
6105
3520
3588
92
2329
2175
7415
3547
1070
5919
4513
7292
3580
9488
2127
2637
5788
2168
9230
7502
7532
2791
6381
4952
2844
3441
3306
7450
8745
7829
8451
2220
1998
6005
6478
3986
4737
8055
8804
1064
329
7529
85
8901
4943
8443
6149
102
1811
9586
3211
2181
3106
8752
3318
270
9372
3854
7263
7215
1072
3291
7596
1336
5810
3003
2687
9489
3145
3629
27
4136
5821
4960
944
1864
4836
2270
5582
6797
639
9860
4599
5915
9781
4841
7245
2349
8845
759
1630
2821
7724
4924
3262
8744
6432
6088
3909
5037
5220
8277
9207
9772
5305
4819
5854
9731
6920
3771
1389
7464
4062
8748
8369
8114
7752
6225
8513
44
5506
4361
1403
6667
6521
6390
1930
3699
6879
5966
6324
4257
7315
510
3744
5171
8338
3655
9580
1452
4050
8775
8760
7219
9678
2096
3344
1002
931
826
940
6191
7649
1317
9664
6120
4322
5038
5028
4224
1769
9839
5644
6395
5202
580
7019
6842
3453
1546
8790
8917
1257
3143
7951
5340
1458
2052
5193
3762
276
9308
958
6014
4843
137
9605
4766
7167
1976
7106
6100
3884
6937
3576
5784
1618
4817
5256
3207
7114
6613
4503
3137
7704
2376
6259
6122
3000
7580
5050
5465
1871
2960
363
1580
2678
9339
6173
711
8570
8872
9251
5829
8835
3901
1523
5502
4211
7389
4046
103
4965
7554
5311
1892
2490
6883
4629
7636
2451
5560
2935
1612
7795
6979
9335
2369
1644
3833
6520
5386
3886
685
2986
9438
4069
787
839
7718
9494
5283
513
4420
5984
9374
5601
4731
1046
3989
3058
1116
4221
4481
125
4545
720
8583
2156
4426
8765
6580
8259
2123
6356
4105
3208
4718
7624
3934
147
2051
7289
1456
5868
9579
4103
5863
5754
8349
5861
5351
9914
5794
5584
207
3188
212
7017
280
8490
8092
1100
630
3039
5312
3681
21
7713
2091
3957
632
2810
3960
